66666666666666666666666666666666666666666666666,,,::,,,6666666666666666666666666
6,,,,,,,,,,,,,,,,,,,,,,,,,,,,,,,,,,,,,,,,,,,,,,,,,::,,,,,,,,,,,,,,,,,,,,,,,,,,,6
6,,,333333333333333333333333333333333333333333333,::,,,,,,,,,,,,,,,,77777777,,,6
6,,,333333333333333333333333333333333333333333333,::::::::::::::::::77777777,,,6
6,,,333,,,,,,,,,,,,,,,,,,,,,,,,,,,,,,,,,,,,,,,,,,,::,,,,,,,,,,,,,,,,77777777,,,6
6,,,333,::::::::::::::::::::::::::::::::::::::::::::,,,,,,,,,,,,,,,,77777777,,,6
6,,,333,::,,,,,,,,,,,,,,,,,,,,,,,,,,,,,,,,,,,,,,,,,,,,,,,,,,,,,,,,,,,,,,,,,,,,,6
6,,,333,::,33333333333333333333333333333333333333333333333333333333333333333,,,6
6,,,333,::,33333333333333333333333333333333333333333333333333333333333333333,,,6
6,,,333,::,33333333333333333333333333333333333333333333333333333333333333333,,,6
6,,,333,::,33333333363333363333363333333363333363333363333363333363333363333,,,6
6,,,333,::,33333333363333363333363333333363333363333363333363333363333363333,,,6
6,,,333,::,33333333363333363333363333333363333363333363333363333363333363333,,,6
6,,,333,::,33333333333333333333333333333333333333333333333333333333333333333,,,6
6,,,333,::,33333333333333333333333333333333333333333333333333333333333333333,,,6
6,,,333,::,33333333333333333333333333333333333333333333333333333333333333333,,,6
6,,,333,::,,,,,,,,,,,,,,,,,,,,,,,,,,,,,,,,,,,,,,,,,,,,,,,,,,,,,,,,,,,,,,,,,,,,,,
6,,,333,::::::::::::::::::::::::::::::::::::::::::::::::::::::::::::::::::::::::
6,,,,,,,,,,,,,,,,,,,,,,,,,,,,,,,,,,,,,,,,,,,,,,,,,,,,,,,,,,,,,,,,,,,,,,,,,,,,,,,
6,,,,,,,,,,,,,,,,,,,,,,,,,,,,,,,,,,,,,,,,,,,,,,,,,,,,,,,,,,,,,,,,,,,,,,,,,,,,,,6
66666666666666666666666666666666666666666666666666666666666666666666666666666666
6,,,,,,,,,,,,,,,,,,,,,,,,,,,,,,,,,,,,,,,,,,,,,,,,,,,,,,,,,,,,,,,,,,,,,,,,,,,,,,6
6333333z333333333333333333333z33333333::333333z3333333333333333z3333333333333336
6333z33333z333333333z3333333333333z333::3333333333333333z33333333333z333z3333336
6333333z333333333333333333333333333333::333333333333z33333333333z333333333z33336
6,,,,,,,,,,,,,,,,,,,,,,,,,,,,,,,,,,,,,::,,,,,,,,,,,,,,,,,,,,,,,,,,,,,,,,,,,,,,,,
6:::::::::::::::::::::::::::::::::::::::::::::::::::::::::::::::::::::::::::::::
6,,,,,,,,,,,,,,,,,,,,,,,,,,,,,,,,,,,,,,,,,,,,,,,,,,,,,,,,,,,,,,,,,,,,,,,,,,,,,,,
6,,,,,,,,,,,,,,,,,,,,,,,,,,,,,,,,,,,,,,,,,,,,,,,,,,,,,,,,,,,,,,,,,,,,,,,,,,,,,,,
66666666666666666666666666666666666666666666666666666666666666666666666666666666