66666666666666666666666666666666666666666666666666666666666666666666666666666666
6,,,,,3333333333336333333333333333336,,,,,,,,,,,,,,,,,,,,,,,,,,,,,,,,,,,,,,,,,,6
6,,,,,33333333333363,,,,,,,,,,,,,,,36,,::,,,,,,,,,,,,,,,,,,,,,,,,,,,,,,,,,,,,,,6
6,,,,,33333333333363,llllllllllll,,36,,::,333333,,,,3,,,,,333333,,,77777777,,,,6
6,,,,,33333333333363,llllllllllll,,36,,::,333333,,,,3,,,,,333333,,,77777777,,,,6
6,,,,,33333333333363,llllllllllll,,36,,::,333333,,,,3,,,,,333333,,,77777777,,,,6
6,,,,,33333333333363,llllllllllll,,36,,::,333333,,,,3,,,,,333333,,,77777777,,,,6
6,,,,,66666666666663,,::,,,,,,,,,,,36,,::,333333,,,,3,,,,,333333,,,,,,,::,,,,,,6
6,,,,,333333333333633,::,33333333,,,6,,::,333333,,,,3,,,,,333333,,,,333::33,,,,6
6,,,,,333333333333633,::,,,,,,,,,,,,6,,::,333333,,,,3,,,,,333333,,,,333::33,,,,6
6,,,,,333333333333633,:::::::::::,333,,::,333333,,,,3,,,,,333333,,,,333::33,,,,6
6,,,,,333333333333633,,,,3,,,,,,,,333,,::,333333,,,,3,,,,,333333,,,,333::33,,,,6
6,,,,,3333333333336666666666666666666,,::,333333,,,,3,,,,,333333,,,,333::33,,,,6
,,,,,,,,,,,,,,,,,,,,,,,,,,,,,,,,,,,,,,,::,,,,,,,,,,,,,,,,,,,,,,,,,,,,,,::,,,,,,6
,,,,,,,,,,,,,,,,,,,,,,,,,,,,,,,,,,,,,,,::,,,,,,,,,,,,,,,,,,,,,,,,,,,,,,::,,,,,,6
:::::::::::::::::::::::::::::::::::::::::::::::::::::::::::::::::::::::::::::::6
,,,,,,,,,,,,,,,,,,,,,,,,,,,,,,,,,,,,,,,::,,,,,,,,,,,,,,,,,,,,,,,,,,,,,,,,,,,,,,6
,,,,,,,,,,,,,,,,,,,,,,,,,,,,,,,,,,,,,,,::,,,,,,,,,,,,,,,,,,,,,,,,,,,,,,,,,,,,,,6
63333333333333333,,333333333333333333,,::,,,,,,,,,,,,,,,,33,,,,,,,,,,,,,,,,,,,,6
633333,,,,,,,,,,,,,,,,,,,,,,,,,333333,,::,,,,,,,,,,,,,,,3333,,,,,,,,,,,,,,,,,,,6
633333,,555555555,,5555555555,,333333,,::,,,,,,,,,,,,,,333333,,,,,,,,,,,,,,,,,,6
633333,,555555555,,5555555555,,333333,,::,,,,,,,,,,,,,33333333,,,,,,,,,,,,,,,,,6
633333,,555555555,,5555555555,,333333,,::,,,,,,,,,,,,333,,,,333,,,,,,,,,,,,,,,,6
633333,,5555555,,,,,,55555555,,333333,,::,,,,,,,,,,,3333,zz,3333,,,,,,,,,,,,,,,6
633333,,5555555,,zz,,55555555,,333333,,::,,,,,,,,,,,,333,,,,333,,,,,,,,,,,,,,,,6
633333,,5555555,,,,,,55555555,,333333,,::,,,,,,,,,,,,,33333333,,,,,,,,,,,,,,,,,6
633333,,555555555555555555555,,333333,,::,,,,,,,,,,,,,,333333,,,,,,,,,,,,,,,,,,6
633333,,,,,,,,,,,,,,,,,,,,,,,,,333333,,::,,,,,,,,,,,,,,,3333,,,,,,,,,,,,,,,,,,,6
6333333333333333333333333333333333333,,::,,,,,,,,,,,,,,,,33,,,,,,,,,,,,,,,,,,,,6
66666666666666666666666666666666666666666666666666666666666666666666666666666666