6666666666666666666666666666666666666666666666666666666666666666666,,::,,6666666
6,,,,,,,,,,,,,,,,,,,,,,6,,,,,,,,,,,,,,,,,,,,,,,,,,,,,,,,,,,6,,,,,,,,,::,,,,,,,,6
6,,,,,,,,,,,,,,,333333,6,3333333,,,,,,,,,,,,,,,,,,,,333333,6,333333,,::,,33333,6
6,,:::::::::::,,333333,6,3333333,,::::::::::::::::,,333333,6,333333,,::,,33333,6
6,,::,,,,,,,::,,333333,6,3333333,,::,,,,,,,,,,,,::,,333333,6,333333,,::,,33333,6
6,,::,,,,,,,::,,333333,6,3333333,,::,,,,,,,,,,,,::,,333333,6,333333,,::,,33333,6
6,,::,,666,,::,,,,,,,,,,,,,,,,,,,,::,,3333,666,,::,,,,,,,,,,,,,,,,,,,::,,33333,6
6,,,,,,666,,::,,,,,,,,,,,,,,,,,,,,::,,3333,666,,::,,,,,,,,,,,,,,,,,,,::,,33333,6
6333333666,,::::::::::::::::::::::::,,3333,666,,:::::::::::::::::::::::,,33333,6
6333333666,,,,,,,,,,,,,,,,,,,,,,,,,,,,3333,666,,,,,,,,,,,,,,,,,,,,,,,,,,,33333,6
6333333666,,,,,,,,,,,,,,,,,,,,,,,,,,,,,,,,,666,,,,,,,,,,,,,,,,,,,,,,,,,,,,,,,,,6
63333336666666666666666666666666666666666666666666666666666666666666666666666666
6,,,,,,6666666666666666666666666666666666666666666666666666666666666666666666666
6,,::,,,,,,,,,,,,,,,,,,6,,,,,,,,,,,,,,,,,,,,,,,,,,,,,,,,,,,,,,,,,,,,,,,,,,,,,,,6
6,,::,,,,,,,,,,,,,,,,,,6,,,,,,,,,,,,,,,,,,,,,,,,,,,,,,,,,,,,,,,,,,,,,,,3333333,6
6,,::,,33333333333333,,6,,33333333333333333,,::::::::::::::::::::::::,,3333333,6
6,,::,,3333333z333333,,6,,33333333333333333,,::,,,,,,,,,,,,,,,,,,,,::,,3333333,6
6,,::,,33333333333333,,6,,33333333333333333,,::,,3333333333333333,,::,,3333333,6
6,,::,,33333333333333,,6,,33333333333333333,,::,,3333333333333333,,::,,3333333,6
6,,::,,33333333333333,,6,,33333333333333333,,::,,333333333z333333,,::,,3333333,6
6,,::,,,,,,,,,,,,,,,,,,,,,,,,,,,,,,,,,,,,,,,,::,,3333333333333333,,::,,3333333,6
6,,::,,,,,,,,,,,,,,,,,,,,,,,,,,,,,,,,,,,,,,,,::,,3333333333333333,,::,,3333333,6
6,,::::::::::::::::::::::::::::::::::::::::::::,,3333333333333333,,::,,3333333,6
6,,,,,,,,,,,,,,,,,,,,,,,,,,,,,,,,,,,,,,,,,,,,,,,,,,,,,,,,,,,,,,,,,,::,,,,,,,,,,6
6,,,,,,,,,,,,,,,,,,,,,,,,,,,,,,,,,,,,,,,,,,,,,,,,3333333333333,,77777777,,3333,6
6,,3333333333333333333,6,3333333333333333333333,,3333333333333,,77777777,,3z33,6
6,,333333333333z333333,6,3333333333333333333333,,3333333333333,,77777777,,3333,6
6,,3333333333333333333,6,3333333333333333333333,,3333333333333,,77777777,,3333,6
6,,,,,,,,,,,,,,,,,,,,,,6,,,,,,,,,,,,,,,,,,,,,,,,,,,,,,,,,,,,,,,,,,,,,,,,,,,,,,,6
66666666666666666666666666666666666666666666666666666666666666666666666666666666