6666666666666666666666666666666666666666666666666,,::,,6666666666666666666666666
6,,,,,,,,,,,,,,,,,,,,,,,,,,,,,,,,,,,,,,,,,,,,,,66,,::,,,,,,,,,,,,,,,,,,,,,,,,,,6
6,33333,,,,,,,,,,,,,,,,,,,5555555555555555555,,66,,::,,33333333333333333333333,6
6,33333,:::::::::::::::::,5555555555555555555,,66,,::,,33333333333333333333333,6
6,33333,::,,,,,,,,,,,,,::,5555555555555555555,,66,,::,,33333333333333333333333,6
6,33333,::,3333,66,333,::,5555555555555555555,,66,,::,,33333333333333333333333,6
6,33333,::,3333,66,333,::,5555555555555555555,,66,,::,,33333333333333333333333,6
6,33333,::,3333,66,333,::,5555555555555555555,,66,,::,,,,,,,,,,,,,,,,,,,,,,,,,,6
6,33333,::,3333,66,333,::,,,,,,,,,,,,,,,,,,,,,,66,,::,,55555555555555555555555,6
6,33333,::,3333,66,333,::,3333333333333333333,,66,,::,,55555555555555555555555,6
6,33333,::,3333,66,333,::,3333333333333333333,,66,,::,,,,,,,,,,,,,,,,,,,,,,,,,,6
6,33333,::,3333,66,333,::,3333333333333333333,,66,,::,,33333333333333333333333,6
6,33333,::,3333,66,333,::,3333333333333333333,,66,,::,,33333333333333333333333,6
6,33333,::,3333,66,333,::,3333333333333333333,,66,,::,,33333333333333333333333,6
6,33333,::,3333,66,333,::,3333333333333333333,,66,,::,,33333333333333333333333,6
6,33333,::,3333,66,333,::,3333333333333333333,,66,,::,,33333333333333333333333,6
6,33333,::,3333,66,333,::,3333333333333333333,,66,,::,,33333333333333333333333,6
6,33333,::,3333,66,333,::,,,,,,,,,,,,,,,,,,,,,,,,,,::,,,,,,,,,,,,,,,,,,,,,,,,,,,
6,33333,::,3333,66,,,,,:::::::::::::::::::::::::::::::::::::::::::::::::::::::::
6,33333,::,3333,66,,,,,,,,,,,,,,,,,,,,,,,,,,,,,,,,,,,,,,,,,,,,,,,,,,,,,,,,,,,,,,
6,33333,::,3333,6666666666666666666666666666666666666666666666666666666666666666
6,33333,::,3333,6666666666666666666666666666666666666666666666666666666666666666
6,33333,::,3333,,,,,,,,,,,,,,,,,,,,,,,,,,,,,,,,,,,,,,,,,,,,,,,,,,,,,,,,,,,,,,,,6
6,33333,::,3333333333333333333333333333333333333333333,,,,,,,,,,55555555555555,6
6,33333,::,,,,,,,,,,,,,,,,,,,,,,,,,,,,,,,,,,,,,,,,,,,,,77777777,55555555555555,6
6,33333,:::::::::::::::::::::::::::::::::::::::::::::::77777777,,,,,,,,,,,,,,,,6
6,33333,,,,,,,,,,,,,,,,,,,,,,,,,,,,,,,,,,,,,,,,,,,::,,,77777777,55555555555555,6
6,33333333333333333333333333333333333333333333333,::,,,77777777,55555555555555,6
6,,,,,,,,,,,,,,,,,,,,,,,,,,,,,,,,,,,,,,,,,,,,,,,,,::,,,,,,,,,,,,,,,,,,,,,,,,,,,6
66666666666666666666666666666666666666666666666,,,::,,,6666666666666666666666666