66666666666666666666666666666666666666666666666666666666666666666666666666666666
6,,,,,,,,,,,,,,,,,,,,,,,,,,,,,,,,,,,,,,,,,,,,,,,,,,,,,,,,,,,,,,,,,,,,,,,,,,,,,,6
6,3333333333333333333333333333333333333333333333333333333333333333333333333333,6
6,3333333333333333333333333333333333333333333333333333333333333333333333333333,6
6,333333333333,,,,,,,,,,,,,,,,,,,,,,,,,,,,,,,,,,,,,,,,,,,,,,,,,,,,,,,,,,,,,,,,,6
6,333333333333,:::::::::::::::::::::::::::::::,,,,,,,,,,,,,,,,,,,,,,,,,,,,,,,,,6
6,333333333333,::,,,,,,,,,,,,::,,,,,,,,,,,,,::,3333333333333333333333333333333,6
6,333333333333,::,3333333333,::,33333333333,::,3333333333333333333333333333333,6
6,333333333333,::,3333333333,::,33333333333,::,33333333333333,,,,,,,,,,3333333,6
6,,,,,,,,,,,,,,::,3333333333,::,33333333333,::,33333333333333,cccccccc,3333333,6
6,333333333333,::,3333333333,::,33333333333,::,33333333333333,cccccccc,3333333,6
6,333333333333,::,33333,,,,,,::,,3333333333,::,33333333333333,cccccccc,3333333,6
6,333333333333,::,33333,77777777,3333333333,::,33333333333333,cccccccc,3333333,6
6,333333333333,::,33333,77777777,3333333333,::,33333333333333,,,,::,,,,,,,,,,,,,
6,333333333333,::,33333,77777777,3333333333,::,33333333333333333,::,,,,,,,,,,,,,
6,333333333333,::,33333,77777777,3333333333,::,,,,,,,,,,,,,,,,,,,:::::::::::::::
,,,,,,,,,,,,,,,::,33333,,,,,,,,,,3333333333,:::::::::::::::::::::::,,,,,,,,,,,,,
:::::::::::::::::,3333333333333333333333333,,,,,,,,,,,,,,,,,,,,,,::,,,,,,,,,,,,,
,,,,,,,,,,,,,,,,,,,,,,,,,,,,,,,,,,,,,,,,,,,,,,,,,,,,,,,,,,,,,,,,,::,,,,,,,,,,,,6
66666666666666666666666666666666666666666666666666666666666663333333336666666666
66666666666666666666666666666666666666666666666666666666666663333333336666666666
6,,,,,,,,,,,,,,,,,,,,,,,,,,,,,,,3333,,,,,,,,,,,,,,,,,,,,,,,,,333333333,,,,,,,,,6
6,333333333333333333333333333,,,3333,33333333333333333333333,333333333,,,,,,,,,6
6,333333333333333333333333333,,,3333,33333333333333333333333,333333333,,,,,,,,,6
6,333333,,,,,,,,,,,,,,,,,,,,,,,,3333,,,,,,,,,,,,,,,,,,,,,,,,,333333333,,,,,,,,,6
,,,,,,,,,:::::::::::::::::::::::3333:::::::::::::::::::::::::333333333,,,,,,,,,6
:::::::::::,,,,,,,,,,,,,,,,,,,,,3333,,,,,,,,,,,,,,,,,,,,,,,,,333333333,,,,,,,,,6
,,,,,,,,,,,,33333333333333333,,,3333,33333333333333333333333,333333333,,,,,,,,,6
,,,,,,,,,,,,,,,,,,,,,,,,,,,,,,,,3333,,,,,,,,,,,,,,,,,,,,,,,,,333333333,,,,,,,,,6
66666666666666666666666666666666666666666666666666666666666666666666666666666666