666666666666666666666666666666666666666666666666666666666666666666666666666666661
6,,,,,,,,,,,,,,,,,,,,,,,,,,,,,,,,,,,,,,,,,,,,,,,,,,,,,,,,,,,,,,,,,,,,,,,,,,,,,,62
6,,,,,,,,,,,,,,,,,,,,,,,,,,,,,,,,,,,,,,,,,,,,,,,,,,,,,,,,,,,,,,,,,,,,,,5555555,63
6,555,333333333333333,55555555555555555555555555555555555,,,,,,,,,,,,,,5555555,64
6,555,333333333333333,55555555555555555555555555555555555,,,,,,,,,,,,,,5555555,65
6,555,333333333,,,,,,,55555555555555555555555555555555555,,,cccccccc,,,5555555,66
6,555,333333333,,,,,,,55555555555555555555555555555555555,,,cccccccc,,,5555555,67
6,555,333333333,,,,,,,55555555555555555555555555555555555,,,cccccccc,,,5555555,68
6,555,333333333,,,,,,,55555555555555555555555555555555555,,,cccccccc,,,5555555,69
6,555,333333333,,,,,,,55555555555555555555555555555555555,,,cccccccc,,,5555555,6-
,,,,,,,,,,,,,,,,,,,,,,,,,,,,,,,,,,,,,,,,,,,,,,,,,,,,,,,,,,,,,,,::,,,,,,55,,,,,,61
,,,,,,,,,,,,,,,,,,,,,,,,,,,,,,,,,,,,,,,,,,,,,,,,,,,,,,,,,,,,,,,::,,,,,,55,33,,,6,
,,,,,,,,,,,,,,,,,,,,,,,,,,,,,,,,,,,,,,,,,,,,,,,,,,,,,,,,,,,,,,,::,,,,,,55,33,,,63
:::::::::::::::::::::::::::::::::::::::::::::::::::::::::::::::::,,,,,,55,33,,,64
,,,,,,,,,,,,,,,,,,,,,,,,,::,,,,,,,,,,,,,,,,,,,,,,,::,,,,,,,,,,,,,,,,,,,55,33,,,65
,,,,,,,,,,,,,,,,,,,,,,,,,::,,,,,,,,,,,,,,,,,,,,,,,::,,,,,,,,,,,,,,,,,,,55,33,,,66
,,,,,,,,,,,,,,,,,,,,,,,,,::,,,,,,,,,,,,,,,,,,,,,,,::,,,,,,,,,,,,,,,,,,,55,,,,,,67
6,5555555555555555555555,::,5555555555555555555,,,::,,,55555555555555555555555,68
6,5555555555555555555555,::,5555555555555555555,,,::,,,55555555555555555555555,69
6,5555555555555555555555,::,5555555555555555555,,,::,,,55555555555555555555555,6-
6,5555555555555555555555,::,5555555555555555555,,,::,,,55555555555555555555555,61
6,5555555555555555555555,::,5555555555555555555,,,::,,,55555555555555555555555,6,
6,,,,,,,,,,,,,,,,,,,,,,,,::,,,,,,,,,,,,,,,,,,,,,,,::,,,,,,,,,,,,,,,,,,,,555555,63
6,3333333333333333333,77777777,3333333333333333,,,::,,,55555555555555555555555,64
6,3333333333333333333,77777777,3333333333333333,,,::,,,55555555555555555555555,65
6,5555555555555555555,77777777,5555555555555555,,,::,,,55555555555555555555555,66
6,3333333333333333333,77777777,3333333333333333,,,::,,,55555555555555555555555,67
6,3333333333333333333,,,,,,,,,,3333333333333333,,,::,,,,,,,,,,,,,,,,,,,,,,,,,,,68
6,,,,,,,,,,,,,,,,,,,,,,,,,,,,,,,,,,,,,,,,,,,,,,,,,:::::::::::::::::::::,,,,,,,,69
6666666666666666666666666666666666666666666666666666666666666666666,,::,,6666666-