666666666666666666666666666666,::,6666666666666666666666666666666666666666666666
66,,,,,,,,,,,,,,,,,,,,,,,,,,,,,::,,,,,66666666666666666,,,,,,,,,,,,,,,,,,,,,,,,6
66,ppppppppppppppppppppp,3,,,,,::,,,,,66666666666666666,,,,,,,5555555555555555,6
66,pp,,3333333333,,,,,pp,3,,,,,::,,,,,66,,,,,,,,,,,,,66,,,,,,,5555555555555555,6
66,pp,,,33333333,,,,,,pp,3,,,,,::,,,,,66,,,,,,,,,,,,,66,5555555555555555555555,6
66,pp,,,,333333,,,,,,,pp,3,,,,,::,,,,,66,,999999999,,66,5555555555555555555555,6
66,pp,,,,,3333,,,,,,,,pp,3,,,,,::,,,,,66,,999999999,,66,5555555555555555555555,6
66,pp,,,,,,55,,,,,,,,,pp,33,,,,::,,,,366,,999999999,,66,5555555555555555555555,6
66,pp,,,,,3333,,,,,,,,pp,333,,,::,,,3366,,999999999,,66,5555555555555555555555,6
66,pp,,,,333333,,,,,,,pp,3333,,::,,333,,,,,,,,::,,,,,66,,,,,,,,,,,,,,,,,,,,,,,,6
66,pp,,,,333333,,,,,,,pp,33333,::,,,,,,,,,,,,,::,,,,,,,,,,,,,,,,,,,,,,,,,,,,,,,6
66,pp,,,,pp,,pp,,,,,,,pp,3333,,:::::::::::::::::,,,,,,,,,,,,,,,,,,,,,,,,,,,,,,,6
6,,pp5555pp::pp5555555pp,333,,,::,,,333,,,,333::::::::::::::::::::::::::::,,,,,6
6,,pp5555pp::pp5555555pp,33,,,,::,,,,33,,,,333,,,,,,,,,,,,,,,,,,,,,,,,,,::,,,,,6
6,,pp5555pp::pp5555555pp,3,,,,,::,,,,,3,,,,3,,,,,,,,,,,,,,,,,,,,,,,,,,,,::,,,,,6
6,,pp5555pp::pp5555555pp,3,,,,,::,,,,,3,,,,3,,,,,6666666666666666666,,,,::,,,,,6
6,,pppppppp::ppppppppppp,3,,,,,::,,,,,3,,,,3,,,,,66,,,,,,,,,,,,,,,66,,,,,,,,,,,6
,,,,,,,,,,,::,,,,,,,,,,,,,,,,,,::,,,,,3,,,,3,,,,,66,,,,,,,,,,,,,,,66,555,3,555,6
:::::::::::::::::::::::::::::::::,,,,,3,,,,3,,,,,66,,,77777777,,,,66,555,3,555,6
,,,,,,,,,,,,,,,,,,,,:,,,,,,,,,,,,,,,,,,,,,,,,,,,,66,,,77777777,,,,66,555,z,555,6
6,,,,,,,,,,,,,,,,,,,:,,,,,,,,,,::,,66,,,,,,,,,,,,66,,,77777777,,,,66,555,3,555,6
6,555555555,66,,ccccccccc,,,,,,::,,6666666666666666,,,77777777,,,,66,555,3,555,6
6,555555555,66,,ccccccccc,,66,,::,,6666666666666666,,,,,,::,,,,,,,66,,,,,,,,,,,6
6,555555555,,,,,ccccccccc,,66,,::,,,,,,,,,,,,,,,,,,,,,,,,::,,,,,,,66,lllllllll,6
6,55555555555,,,,,,,,,,,,,,66,,::,,,,,,,,,,,,,,,,,,,,,,,,::,,,,,,,66,lllllllll,6
6,555555555555555555555555,66,,::,,,,,,,,,,,,,,,,,,,,,,,,::,,,,,,,66,lllllllll,6
6,555555555555555555555555,66,,::::::::::::::::::::::::::::,,,,,,,66,lllllllll,6
6,,,,,,,,,,,,,,,,,,,,,,,,,,66,,,,,,,,,,,,,,,,,,,,,,,,,,,,,,,,,,,,,66,,,,,,,,,,,6
66666666666666666666666666666666666666666666666666666666666666666666666666666666
66666666666666666666666666666666666666666666666666666666666666666666666666666666