666666666666666666666666666666666666666666666666666666666666666666666666666666661
6,,,,,,,,,,,,,,,,,,,,,,,,,,,,,,,,,,,,,,,,,,,,,,,,,,,,,,,,,,,,,,,,,,,,,,,,,,,,,,62
6,,,,,,,,,,,,,,,,,,,,,,,,,,,,,,,,,,,,,,,,,,,,,,,,,,,,,,,,,,,,,,,,,,,,,,,,,,,,,,63
6,,33333333333333333333333333333333333333333333333333333333333333,,,,,,,33333,,64
6,,33333333333333333333333333333333333333333355533333333333333333,,,,,,,33333,,65
6,,3333333333,,,,,,,,,,,,3333333333333333335555555333333333333333,,::,,,33333,,66
6,,3333333333,,77777777,,3333333333333333355555555533333333333333,,::,,,33333,,67
6,,3333333333,,77777777,,3333333333333333355555555533333333333333,,::,,,33333,,68
6,,3333333333,,77777777,,3333333333333333335555555333333333333333,,::,,,33333,,69
6,,3333333333,,77777777,,3333333333333333333333333333333333333333,,::,,,33333,,6-
6,,,,,,,,,,,,,,,,,::,,,,,,,,,,,,,,,,,,,,,,,,,,,,,,,,,,,,,,,,,,,,,,,::,,,,,,,,,,,1
6,,,,,,,,,,,,,,,,,::,,,,,,,,,,,,,,,,,,,,,,,,,,,,,,,,,,,,,,,,,,,,,,,::,,,,,,,,,,,,
6,,:::::::::::::::::::::::::::::::::::::::::::::::::::::::::::::::::::::::::::::3
6,,,,,,,,,,,,,,,,,,,,,,,,,,,,,,,,,,,,,,,,,,,,,,,,,,,::,,,,,,,,,,,,,,,,,,,,,,,,,,4
6,,,,,,,,,,,,,,,,,,,,,,,,,,,,,,,,,,,,,,,,,,,,,,,,,,,::,,,,,,,,,,,,,,,,,,,,,,,,,,5
6,,,,,,,,,,,,,,,,,,,,,,,,,,,,,,,,,,,,,,,,,,,,,,,,,,,::,,,,,,,,,,,,,,,,,,,,,,,,,66
6,,,,,,,,,,,,,,,,,,,,,,,,,,,,,,,,,,,,,,,,,,,,,,,,,,,::,,,,,,,,,,,,,,,,,,,,,,,,,67
6,,333333333::3333333333,,66,,3333333333333333333,,,::,,333333333333333333333,,68
6,,333333333::3333333333,,66,,3333333333333333333,,,::,,333333333333333333333,,69
6,,333333333::3333333333,,66,,3333333333333333333,,,::,,333333333333333333333,,6-
6,,333333,,,::,,,3333333,,66,,,,,,,,,,,,,,,,,,,,,,,,::,,,,,,,,,,,,,,,,,,,,,,,,,61
6,,333333,555555,3333333,,66,,3333333333333333333,,,::,,333333333333333333333,,62
6,,:::::::555555::::::::,,66,,3333333333333333333,,,::,,333333333333333333333,,63
6,,333333,555555,3333333,,66,,,,,,,,,,,,,,,,,,,,,,,,::,,,,,,,,,,,,,,,,,,,,,,,,,64
6,,333333,,,::,,,3333333,,66,,3333333333333333333,,,::,,333333333333333333333,,65
6,,333333333::3333333333,,66,,3333333333333333333,,,::,,333333333333333333333,,66
6,,z33333333::3333333333,,66,,3333333333333333333,,,::,,333333333333333333333,,67
6,,,,,,,,,,,,,,,,,,,,,,,,,66,,,,,,,,,,,,,,,,,,,,,,,,::,,,,,,,,,,,,,,,,,,,,,,,,,68
6,,,,,,,,,,,,,,,,,,,,,,,,,66,,,,,,,,,,,,,,,,,,,,,,,,::,,,,,,,,,,,,,,,,,,,,,,,,,69
6666666666666666666666666666666666666666666666666,,,::,,666666666666666666666666-