44444444444444444444444444444444444444440
44444444448844444444444444444444444444441
44444444488844444444444444444444444444442
44444488887888888884444444444444444444443
44444887787777777778888884444444444444444
44444877778777778886668888888448884444445
44448877777877778868888888866888668444446
44488777777787778666666666668888668844447
44887777777778786666666666688886666844448
44887777777788886666666666868866668884449
48887777777778886666888886866688888884440
88877777777888866668584886666688854888441
88887777788888666685584886666666888868442
48888888888888666685588888666666668868443
44888888888886666668888866666666666888444
44448866666666666866666668888886888844445
44448688668866666688666666666688888444446
44488888868668886688888888888886668444447
44486888668688886688666666666686668844448
44486666668688886688666668888886668844449
44488666668868886688888888444886666844440
44448888888866688888888844444888886884441
44444444444888888444444444444444444444442
0123456789012345678901234567890123456789