44444444444444444444444444444444444444440
44444444888888884444444444444444444444441
44444488333333338444444444444444444444442
44444888333348883844444444444444444444443
44444883333387788844444444444444444444444
44448333333388888844444444444444444444445
44483333333333333844444444444444444444446
44448833833333333844444444444444554444447
44848333333333333884444884444455555444448
48883833333333383338888884444445555444449
44833338888883883333333844444444555444440
44488888444444448333888444444444455544441
44444884444444444838844444444444484444442
44444488444444444883384444444444488444443
44444448444444444483384444444444884444444
44444448444444444483338444444448384444445
44444448444444444483338888888883384444446
44444488844444444488888833333838844444447
44444883888444444883338833838388444444448
44444833388888888833338888888844444444449
44444833338844448383888444444444444444440
44448888888444448888884444444444444444441
44444444444444444444444444444444444444442
0123456789012345678901234567890123456789
