44444444444444444444444444444444444444444444444444444444444444444444444444444444
44444444444444444444444444444444444444444444444444444444444444444444444444444444
44444444444444444444444444444444444444444444444444444444444444444444444444444444
44444444444444444444444444444444444444444444444444444444444444444444444444444444
44444444444444444444444444444444444444444444444444444444444444444444444444444444
44444444444444444444444444444444444444444444444444444444444444444444444444444444
44444444444444444444444444444444444888888888844444444444444444444444444444444444
44444444444444444444444444444444888855555555888444444444444444444444444444444444
44444444444444444444444444444448855555555555555884444444444444444444444444444444
44444444444444444444444444444485555558888855555588444444444444444444444444444444
44444444444444444444444444444855555588222885555558844444444444444444444444444444
44444444444444444444444444448855555822222228555558844444444444444444444444444444
44444444444444444444444444448888888822222228888888844444444444444444444444444444
44444444444444444444444444448844444822222228444444844444444444444444444444444444
44444444444444444444444444444844444488888884444448844444444444444444444444444444
44444444444444444444444444444484444444444444444448444444444444444444444444444444
44444444444444444444444444444448444444444444444884444444444444444444444444444444
44444444444444444444444444444444884444444444488444444444444444444444444444444444
44444444444444444444444444444444448888888888844444444444444444444444444444444444
44444444444444444444444444444444444444444444444444444444444444444444444444444444
444444444444444444444444444444444444PIKACHU4444444444444444444444444444444444444
44444444444444444444444444444444444444444444444444444444444444444444444444444444
44444444444444444444444444444444444444444444444444444444444444444444444444444444
44444444444444444444444444444444444444444444444444444444444444444444444444444444
44444444444444444444444444444444444444444444444444444444444444444444444444444444
44444444444444444444444444444444444444444444444444444444444444444444444444444444
44444444444444444444444444444444444444444444444444444444444444444444444444444444
44444444444444444444444444444444444444444444444444444444444444444444444444444444
44444444444444444444444444444444444444444444444444444444444444444444444444444444
44444444444444444444444444444444444444444444444444444444444444444444444444444444

