4444444444444444444444444444444444444444
4444444444444888888888884444444444444444
4444444444488555555555558844444444444444
4444444448855555555555555588844444444444
4444444885555555555555555555588444444444
4444488555555555555555555555555884444444
4444855555555555555555555555555588444444
4448558855555555555555555555555550844444
4485558885555555558555555555555555844444
4885558448555555885555555555555555584444
4848858448855555855555888855555555584444
4844488844485558888888844488555555584444
4844448888885558444488444485555555584444
4484444448885558444444444855555555584444
4484444444448888888888888885555555844444
4448444444444444888888555558888888844444
4444844444444444444444888884444484444444
4444484444444444444444444444444844444444
4444448844444444444444444444488444444444
4444444488444444444444444488844444444444
4444444444888888888888888844444444444444
4444444444444444444444444444444444444444

