4444444448884444444444444444444444444444
4444444487784444444444444444444444444444
4444444877778444444444444444444444444444
4444444877778844444444444444444444444444
4444448777777844444444444444444444444444
4444487777777884444444444444444444444444
4444877777777788844444444444444444444444
4444887777848787884444444444444444444444
4444878777844777878884444444444444444444
4448877787777777777788888444444444444444
4448777777777777778777778844444444444444
4448777777777777787777784444444444444444
4448777777777777877777884444444444444444
4448888777777887777778844444444444444444
4444888777778777877777844444444444444444
4444444888787777787777788444444444444444
4444444487788777778877777844444444444444
4444444448777777777787777884444444444444
4444444444488887777777777778844444444444
4444444444444488888887777777888444444444
4444444444444444444488888888888884444444
4444444444444444444444444444444444444444
