44444444444444444444444444444444444444444444444444444444444444444444444444444444
44444444444444444444444444444444444444444444444444444444444444444444444444444444
44444444444444444444444444444444444444444444444444444444444444444444444444444444
44444444444444444444444444444444444444444444444444444444444444444444444444444444
44444444444444444444444444444444444444444444444444444444444444444444444444444444
44444444444444444444444444444444444444444444444444444444444444444444444444444444
44444444488888888884444444444444444888888888844444444444444448888888888444444444
44444488885555555588844444444444888855555555888444444444448888555555558884444444
44444885555555555555588444444448855555555555555884444444488555555555555558844444
44448555555888885555558844444485555558888855555588444444855555588888555555884444
44485555558833388555555884444855555588777885555558844448555555886668855555588444
44885555583333333855555884448855555877777778555558844488555558666666685555588444
44888888883333333888888884448888888877777778888888844488888888666666688888888444
44884444483333333844444484448844444877777778444444844488444448666666684444448444
44484444448888888444444884444844444488888884444448844448444444888888844444488444
44448444444444444444444844444484444444444444444448444444844444444444444444484444
44444844444444444444488444444448444444444444444884444444484444444444444448844444
44444488444444444448844444444444884444444444488444444444448844444444444884444444
44444444888888888884444444444444448888888888844444444444444488888888888444444444
44444444444444444444444444444444444444444444444444444444444444444444444444444444
44444444CHARMANDER44444444444444444BULBASAUR44444444444444444SQUIRTLE44444444444
44444444444444444444444444444444444444444444444444444444444444444444444444444444
44444444444444444444444444444444444444444444444444444444444444444444444444444444
44444444444444444444444444444444444444444444444444444444444444444444444444444444
44444444444444444444444444444444444444444444444444444444444444444444444444444444
44444444444444444444444444444444444444444444444444444444444444444444444444444444
44444444444444444444444444444444444444444444444444444444444444444444444444444444
44444444444444444444444444444444444444444444444444444444444444444444444444444444
44444444444444444444444444444444444444444444444444444444444444444444444444444444
44444444444444444444444444444444444444444444444444444444444444444444444444444444

