4444444444444444444444444444444444444444
4444444444444444844844844444444444444444
4444444444444444484848444444444444444444
4444444888888888888888444444444444444444
4444488822222222222228844444444444444444
4444482244222222244222844444444444444444
4444882284222222284222884444444444444444
4488882222228822222228228444444444444444
4482228888884488888888228884444444444444
4482228884444444448228222288444444444444
4482222884444444448888222228844444444444
4488888844444444448288222222844444444444
4448288444444444444828822222844444444444
4448284444444444444828882222884444444444
4448284444444444448222288888884444444444
4448228888888888882222282222844444444444
4448222222222222222222282288444444444444
4448822222222222222222888844444444444444
4444882222222222222222884444444444444444
4444822228888888888222288444444444444444
4448888888444444448888888444444444444444
4444444444444444444444444444444444444444

