4444444444444444444444444444444444444444
4444444444444444444444444444444444444444
4444444444844444444444444444444444444444
4444444488844444444444444444444444444444
4444444888844444444444444444444444444444
4444448828844444444444444444444444444444
4444482228444444488888888448888888888444
4444482284444488882228888888222222284444
4444888888888882222888222222222222284444
4448822222222222888882222222222222844444
4482222222222222844448222888888888444444
4828882222888822284444822884444444444444
4858882222888825288884482288444444444444
4485228888222555552288888228844444444444
4448882882888888222288288228844444444444
4444882882222222222222288888444444444444
4444482288882222222222288844444444444444
4444448888288888222222222884444444444444
4444444822222222222222222884444444444444
4444444482222222222222222844444444444444
4444444448228888888222228844444444444444
4444444448888844448888888444444444444444
4444444444444444444444444444444444444444
