4444444444444444444444444444444444444444
4444444488888888884444444444444444444444
4444444866666666668444444444444444444444
4444448666666688666844444444444444444444
4444488666666845866684444444444444444444
4444488666666855866684444444444444444444
4444886666666888866684444444444444444444
4444888888866666666684444444444444444444
4444448666666666666684444444444444444444
4444448888666666688888444444444444444444
4488888866668888888668884444444444444444
4866668866666686666668884444444444444444
4866688288888866666668088444444444444444
4866682222822868666688008444444444444444
4488888822828668666888008444444444444444
4444448882822888668008008448888444444444
4444482228888228666808084486666884444444
4444888222822222888888084866666668444444
4448668822822228666668888666888668444444
4448666688888228666666866668666668444444
4448666668448888666666866668666684444444
4488666688444448666666888866888844444444
4488888884444444866666844888844444444444
4444444444444444888888844444444444444444


