44444444444484444444444444444444444444444444444444444444444444444444444444444444
44444444444488444444444444444444444444444444444444444444444444444444444444444444
44444444448888888884444444444444444444444444444444444444444444444444444444444444
44444444881111111888888444444444444444444444444444444444444444444444444444444444
44444488881111111111118888888844444444444444444444444444444444444444444444444444
44448811111111111111111111111888884444444444444444444444444444444444444444444444
44881111111111111111111111111111118444444444444444444444444444444444444444444444
44881111111888881111111888888881111884444444444444444444444444444444444444444444
44488111118999999888818888899998811118444444444444444444444444444444444444444444
44888111189999999998888999999998811888444444444444444444444444444444444444444444
44881111189999999999899999999999888888444444448888888888888888888888888888444444
44448111189999999999999999999999988888444444484444444444444444444444444444844444
44444811189989999999999999999999988888444444844444444444444444444444444444484444
44444488188888899999999999998888888888444444844444444444444444444444444444484444
44444448888888888999989998888888888888444444844444444444444444444444444444484444
44444489989988888888989888888889988898444444844444444444444444444444444444484444
44444898889984488988998889884489988988844444844444444444444444444444444444484444
44444899889984488999999999884489988889844444844444444444444444444444444444484444
44444489989988888899999998888889999888844444844444444444444444444444444444484444
44444448889999999999899999999999988884444448444444444444444444444444444444844444
44444444489999999998899999999999988844444484488888888888888888888888888888444444
44444444489999999999899999999999884444444844844444444444444444444444444444444444
44444444488999999889999988899998884444444888444444444444444444444444444444444444
44444444444889999998888899999888444444444444444444444444444444444444444444444444
44444444444448889999999999998844444444444444444444444444444444444444444444444444
44444444444448888899999999888844444444444444444444444444444444444444444444444444
44444444444885889888888888898588444444444444444444444444444444444444444444444444
44444444488855889999999999998558884444444444444444444444444444444444444444444444
44444444444444444444444444444444444444444444444444444444444444444444444444444444
44444444444444444444444444444444444444444444444444444444444444444444444444444444